Kinf << 
-0.148941f,0.132849f,0.378017f,-0.444858f,-0.484512f,-0.378714f,-0.087509f,0.080652f,0.215372f,-0.035276f,-0.042157f,-0.181171f,
0.143921f,0.126615f,0.378017f,-0.391488f,0.464316f,0.380043f,0.084168f,0.075238f,0.215372f,-0.024659f,0.040492f,0.181078f,
0.145383f,-0.131440f,0.378017f,0.411733f,0.401560f,-0.382783f,0.082198f,-0.078537f,0.215372f,0.026346f,0.019825f,-0.180781f,
-0.140362f,-0.128024f,0.378017f,0.424613f,-0.381364f,0.381455f,-0.078856f,-0.077352f,0.215372f,0.033589f,-0.018160f,0.180874f;

Pinf << 
4492.706408f,-10.951842f,0.000000f,31.281022f,3030.273916f,85.693563f,1147.068590f,-6.491430f,0.000000f,1.603996f,31.618253f,16.599527f,
-10.951842f,3708.614671f,-0.000000f,-2655.481083f,-29.926199f,-33.163213f,-6.309500f,977.008692f,-0.000000f,-27.426716f,-1.498676f,-6.527868f,
0.000000f,-0.000000f,11394.816856f,0.000000f,-0.000000f,-0.000000f,0.000000f,-0.000000f,3032.098448f,-0.000000f,-0.000000f,-0.000000f,
31.281022f,-2655.481083f,0.000000f,7619.711465f,134.555070f,444.131259f,21.078021f,-1514.003612f,-0.000000f,87.587492f,12.387216f,138.361365f,
3030.273916f,-29.926199f,-0.000000f,134.555070f,8097.921293f,1114.898314f,1653.018851f,-20.775507f,0.000000f,12.481941f,108.872029f,346.419472f,
85.693563f,-33.163213f,-0.000000f,444.131259f,1114.898314f,19010.798783f,95.884221f,-37.849830f,-0.000000f,77.797428f,194.563913f,3172.953020f,
1147.068590f,-6.309500f,0.000000f,21.078021f,1653.018851f,95.884221f,496.143802f,-3.969337f,0.000000f,1.287874f,18.652297f,22.987894f,
-6.491430f,977.008692f,-0.000000f,-1514.003612f,-20.775507f,-37.849830f,-3.969337f,443.938668f,-0.000000f,-16.290587f,-1.251886f,-9.141689f,
-0.000000f,-0.000000f,3032.098448f,0.000000f,-0.000000f,-0.000000f,0.000000f,-0.000000f,1699.189328f,-0.000000f,-0.000000f,-0.000000f,
1.603996f,-27.426716f,-0.000000f,87.587492f,12.481941f,77.797428f,1.287874f,-16.290587f,-0.000000f,8.697558f,2.544498f,36.665767f,
31.618253f,-1.498676f,-0.000000f,12.387216f,108.872029f,194.563913f,18.652297f,-1.251886f,-0.000000f,2.544498f,13.485196f,91.668715f,
16.599527f,-6.527868f,-0.000000f,138.361365f,346.419472f,3172.953020f,22.987894f,-9.141689f,-0.000000f,36.665767f,91.668715f,1504.802023f;

A << 
1.000000f,0.000000f,0.000000f,0.000000f,0.003924f,0.000000f,0.020000f,0.000000f,0.000000f,0.000000f,0.000013f,0.000000f,
0.000000f,1.000000f,0.000000f,-0.003924f,0.000000f,0.000000f,0.000000f,0.020000f,0.000000f,-0.000013f,0.000000f,0.000000f,
0.000000f,0.000000f,1.000000f,0.000000f,0.000000f,0.000000f,0.000000f,0.000000f,0.020000f,0.000000f,0.000000f,0.000000f,
0.000000f,0.000000f,0.000000f,1.000000f,0.000000f,0.000000f,0.000000f,0.000000f,0.000000f,0.010000f,0.000000f,0.000000f,
0.000000f,0.000000f,0.000000f,0.000000f,1.000000f,0.000000f,0.000000f,0.000000f,0.000000f,0.000000f,0.010000f,0.000000f,
0.000000f,0.000000f,0.000000f,0.000000f,0.000000f,1.000000f,0.000000f,0.000000f,0.000000f,0.000000f,0.000000f,0.010000f,
0.000000f,0.000000f,0.000000f,0.000000f,0.392400f,0.000000f,1.000000f,0.000000f,0.000000f,0.000000f,0.001962f,0.000000f,
0.000000f,0.000000f,0.000000f,-0.392400f,0.000000f,0.000000f,0.000000f,1.000000f,0.000000f,-0.001962f,0.000000f,0.000000f,
0.000000f,0.000000f,0.000000f,0.000000f,0.000000f,0.000000f,0.000000f,0.000000f,1.000000f,0.000000f,0.000000f,0.000000f,
0.000000f,0.000000f,0.000000f,0.000000f,0.000000f,0.000000f,0.000000f,0.000000f,0.000000f,1.000000f,0.000000f,0.000000f,
0.000000f,0.000000f,0.000000f,0.000000f,0.000000f,0.000000f,0.000000f,0.000000f,0.000000f,0.000000f,1.000000f,0.000000f,
0.000000f,0.000000f,0.000000f,0.000000f,0.000000f,0.000000f,0.000000f,0.000000f,0.000000f,0.000000f,0.000000f,1.000000f;

B << 
-0.000018f,0.000020f,0.000018f,-0.000020f,
0.000018f,0.000020f,-0.000018f,-0.000020f,
0.000841f,0.000841f,0.000841f,0.000841f,
-0.027535f,-0.030323f,0.027566f,0.030293f,
-0.027671f,0.030428f,0.027757f,-0.030514f,
0.001975f,-0.000722f,-0.002784f,0.001532f,
-0.003619f,0.003980f,0.003631f,-0.003991f,
0.003602f,0.003966f,-0.003606f,-0.003962f,
0.084086f,0.084086f,0.084086f,0.084086f,
-5.507092f,-6.064681f,5.513253f,6.058520f,
-5.534140f,6.085568f,5.551390f,-6.102818f,
0.394954f,-0.144473f,-0.556875f,0.306394f;

Quu_inv << 
0.001001f,-0.000004f,0.000440f,-0.000008f,
-0.000004f,0.000981f,-0.000007f,0.000459f,
0.000440f,-0.000007f,0.000999f,-0.000002f,
-0.000008f,0.000459f,-0.000002f,0.000980f;

AmBKt << 
0.999989f,-0.000000f,-0.000000f,0.000507f,-0.016819f,0.001018f,-0.002200f,-0.000066f,0.000000f,0.101458f,-3.363781f,0.203584f,
-0.000000f,0.999990f,-0.000000f,0.014999f,-0.000435f,-0.000341f,-0.000057f,-0.001962f,-0.000000f,2.999781f,-0.086953f,-0.068147f,
0.000000f,0.000000f,0.998729f,0.000000f,0.000000f,-0.000000f,0.000000f,-0.000000f,-0.127143f,0.000000f,0.000000f,-0.000000f,
0.000001f,-0.003892f,0.000000f,0.951667f,0.001131f,0.001092f,0.000148f,-0.386078f,0.000000f,-9.666638f,0.226166f,0.218324f,
0.003891f,-0.000001f,0.000000f,0.001221f,0.949682f,0.002995f,0.385818f,-0.000160f,0.000000f,0.244276f,-10.063603f,0.598908f,
0.000000f,-0.000000f,0.000000f,0.000093f,0.000221f,0.999372f,0.000029f,-0.000012f,0.000000f,0.018554f,0.044294f,-0.125557f,
0.019994f,-0.000000f,0.000000f,0.000266f,-0.009670f,0.000583f,0.998735f,-0.000035f,0.000000f,0.053102f,-1.934054f,0.116657f,
-0.000000f,0.019994f,0.000000f,0.009010f,-0.000238f,-0.000205f,-0.000031f,0.998821f,0.000000f,1.802082f,-0.047599f,-0.041019f,
-0.000000f,0.000000f,0.019276f,-0.000000f,0.000000f,0.000000f,0.000000f,0.000000f,0.927561f,-0.000000f,-0.000000f,-0.000000f,
0.000000f,-0.000011f,0.000000f,0.006537f,0.000068f,0.000074f,0.000009f,-0.001509f,0.000000f,0.307430f,0.013576f,0.014750f,
0.000011f,-0.000000f,-0.000000f,0.000071f,0.006497f,0.000196f,0.001504f,-0.000009f,-0.000000f,0.014126f,0.299396f,0.039104f,
0.000000f,-0.000000f,0.000000f,0.000007f,0.000014f,0.009708f,0.000002f,-0.000001f,0.000000f,0.001317f,0.002837f,0.941624f;

coeff_d2p << 
0.000008f,-0.000008f,0.000004f,-0.000004f,
-0.000006f,-0.000003f,0.000003f,0.000006f,
-0.000054f,-0.000054f,-0.000054f,-0.000054f,
0.000026f,-0.000002f,0.000003f,-0.000026f,
0.000044f,-0.000044f,0.000028f,-0.000028f,
0.000657f,-0.000665f,0.000690f,-0.000681f,
0.000005f,-0.000005f,0.000001f,-0.000001f,
-0.000004f,-0.000002f,0.000003f,0.000004f,
-0.000032f,-0.000032f,-0.000032f,-0.000032f,
0.000006f,-0.000006f,0.000006f,-0.000006f,
0.000014f,-0.000015f,0.000015f,-0.000015f,
0.000232f,-0.000237f,0.000248f,-0.000243f;

Q << 
156.250000f,0.000000f,0.000000f,0.000000f,0.000000f,0.000000f,0.000000f,0.000000f,0.000000f,0.000000f,0.000000f,0.000000f,
0.000000f,123.456790f,0.000000f,0.000000f,0.000000f,0.000000f,0.000000f,0.000000f,0.000000f,0.000000f,0.000000f,0.000000f,
0.000000f,0.000000f,400.000000f,0.000000f,0.000000f,0.000000f,0.000000f,0.000000f,0.000000f,0.000000f,0.000000f,0.000000f,
0.000000f,0.000000f,0.000000f,2.777778f,0.000000f,0.000000f,0.000000f,0.000000f,0.000000f,0.000000f,0.000000f,0.000000f,
0.000000f,0.000000f,0.000000f,0.000000f,2.777778f,0.000000f,0.000000f,0.000000f,0.000000f,0.000000f,0.000000f,0.000000f,
0.000000f,0.000000f,0.000000f,0.000000f,0.000000f,400.000000f,0.000000f,0.000000f,0.000000f,0.000000f,0.000000f,0.000000f,
0.000000f,0.000000f,0.000000f,0.000000f,0.000000f,0.000000f,4.000000f,0.000000f,0.000000f,0.000000f,0.000000f,0.000000f,
0.000000f,0.000000f,0.000000f,0.000000f,0.000000f,0.000000f,0.000000f,4.000000f,0.000000f,0.000000f,0.000000f,0.000000f,
0.000000f,0.000000f,0.000000f,0.000000f,0.000000f,0.000000f,0.000000f,0.000000f,4.000000f,0.000000f,0.000000f,0.000000f,
0.000000f,0.000000f,0.000000f,0.000000f,0.000000f,0.000000f,0.000000f,0.000000f,0.000000f,4.000000f,0.000000f,0.000000f,
0.000000f,0.000000f,0.000000f,0.000000f,0.000000f,0.000000f,0.000000f,0.000000f,0.000000f,0.000000f,4.000000f,0.000000f,
0.000000f,0.000000f,0.000000f,0.000000f,0.000000f,0.000000f,0.000000f,0.000000f,0.000000f,0.000000f,0.000000f,25.000000f;

R << 
400.000000f,0.000000f,0.000000f,0.000000f,
0.000000f,400.000000f,0.000000f,0.000000f,
0.000000f,0.000000f,400.000000f,0.000000f,
0.000000f,0.000000f,0.000000f,400.000000f;

