static sfloat Kinf_data[NINPUTS*NSTATES] = {
  -0.219651f,0.219136f,0.200889f,-0.200374f,
  0.215086f,0.206687f,-0.207553f,-0.214220f,
  0.214454f,0.214454f,0.214454f,0.214454f,
  -0.621733f,-0.543327f,0.556106f,0.608954f,
  -0.673423f,0.661569f,0.509516f,-0.497662f,
  -0.712498f,0.729705f,-0.771945f,0.754737f,
  -0.126429f,0.125272f,0.107802f,-0.106646f,
  0.121002f,0.112190f,-0.113537f,-0.119655f,
  0.126804f,0.126804f,0.126804f,0.126804f,
  -0.046103f,-0.033172f,0.034784f,0.044490f,
  -0.055218f,0.053660f,0.026928f,-0.025370f,
  -0.234805f,0.231969f,-0.224824f,0.227660f,
};
static sfloat Pinf_data[NSTATES*NSTATES] = {
  13695.647678f,-45.504380f,0.000000f,142.291407f,8185.845738f,1478.968921f,3236.669483f,-26.781119f,0.000000f,9.468293f,93.978690f,239.245176f,
  -45.504380f,13648.195042f,0.000000f,-8016.818097f,-142.943568f,-589.785445f,-26.832673f,3206.924076f,0.000000f,-82.252377f,-9.564855f,-96.068401f,
  -0.000000f,-0.000000f,15819.771958f,-0.000000f,-0.000000f,-0.000000f,-0.000000f,0.000000f,5055.767687f,-0.000000f,-0.000000f,-0.000000f,
  142.291407f,-8016.818097f,-0.000000f,20203.734151f,622.398986f,3575.640208f,96.867922f,-4255.728553f,-0.000000f,238.969101f,62.173621f,816.904211f,
  8185.845738f,-142.943568f,-0.000000f,622.398986f,21137.164711f,8952.778900f,4385.796807f,-97.088586f,-0.000000f,62.018696f,344.583199f,2039.917409f,
  1478.968921f,-589.785445f,-0.000000f,3575.640208f,8952.778900f,158827.873909f,1190.704277f,-475.247428f,-0.000000f,447.411966f,1119.431498f,18353.272774f,
  3236.669483f,-26.832673f,-0.000000f,96.867922f,4385.796807f,1190.704277f,1370.876664f,-16.758323f,-0.000000f,7.895120f,58.197874f,233.837783f,
  -26.781119f,3206.924076f,0.000000f,-4255.728553f,-97.088586f,-475.247428f,-16.758323f,1350.466302f,0.000000f,-46.312079f,-7.940061f,-93.735950f,
  0.000000f,0.000000f,5055.767687f,-0.000000f,-0.000000f,-0.000000f,-0.000000f,0.000000f,2984.931622f,-0.000000f,-0.000000f,-0.000000f,
  9.468293f,-82.252377f,-0.000000f,238.969101f,62.018696f,447.411966f,7.895120f,-46.312079f,-0.000000f,19.242630f,9.537939f,139.810771f,
  93.978690f,-9.564855f,-0.000000f,62.173621f,344.583199f,1119.431498f,58.197874f,-7.940061f,-0.000000f,9.537939f,37.466484f,349.405577f,
  239.245176f,-96.068401f,-0.000000f,816.904211f,2039.917409f,18353.272774f,233.837783f,-93.735950f,-0.000000f,139.810771f,349.405577f,5677.686139f,
};
static sfloat Quu_inv_data[NINPUTS*NINPUTS] = {
  0.002299f,0.000006f,0.000209f,0.000002f,
  0.000006f,0.002285f,0.000002f,0.000223f,
  0.000209f,0.000002f,0.002299f,0.000006f,
  0.000002f,0.000223f,0.000006f,0.002285f,
};
static sfloat AmBKt_data[NSTATES*NSTATES] = {
  1.000000f,-0.000000f,0.000000f,0.000000f,0.000157f,0.000000f,0.004000f,-0.000000f,0.000000f,0.000000f,0.000000f,-0.000000f,
  -0.000000f,1.000000f,-0.000000f,-0.000157f,-0.000000f,-0.000000f,-0.000000f,0.004000f,-0.000000f,-0.000000f,-0.000000f,0.000000f,
  0.000000f,-0.000000f,0.999971f,-0.000000f,-0.000000f,-0.000000f,-0.000000f,-0.000000f,0.003983f,-0.000000f,-0.000000f,-0.000000f,
  0.000045f,0.000976f,-0.000000f,0.997305f,0.000102f,0.000037f,0.000023f,0.000540f,-0.000000f,0.001817f,0.000005f,-0.000005f,
  -0.000977f,-0.000045f,0.000000f,0.000099f,0.997276f,0.000102f,-0.000542f,-0.000023f,0.000000f,0.000005f,0.001813f,-0.000015f,
  0.000058f,-0.000021f,-0.000000f,0.000058f,0.000160f,0.999945f,0.000032f,-0.000012f,-0.000000f,0.000004f,0.000010f,0.001986f,
  -0.000026f,-0.000001f,0.000000f,0.000003f,0.078409f,0.000003f,0.999986f,-0.000001f,0.000000f,0.000000f,0.000074f,-0.000000f,
  -0.000001f,-0.000026f,-0.000000f,-0.078410f,-0.000003f,-0.000001f,-0.000001f,0.999986f,-0.000000f,-0.000074f,-0.000000f,0.000000f,
  -0.000000f,-0.000000f,-0.014426f,-0.000000f,-0.000000f,-0.000000f,-0.000000f,0.000000f,0.991470f,-0.000000f,-0.000000f,-0.000000f,
  0.045153f,0.976027f,0.000000f,-2.694873f,0.101922f,0.036994f,0.023052f,0.539531f,-0.000000f,0.816722f,0.005317f,-0.005210f,
  -0.977441f,-0.044527f,-0.000000f,0.098973f,-2.723700f,0.101531f,-0.542264f,-0.022607f,0.000000f,0.005029f,0.812708f,-0.014731f,
  0.058335f,-0.021007f,-0.000000f,0.058032f,0.159553f,-0.054859f,0.032148f,-0.011629f,-0.000000f,0.003831f,0.010466f,0.986260f,
};
static sfloat coeff_d2p_data[NSTATES*NINPUTS] = {
  0.173971f,-0.192299f,-0.331731f,0.374062f,0.406969f,0.852457f,0.089226f,-0.097128f,-0.318491f,0.009587f,0.018174f,0.232927f,
  -0.173787f,-0.216926f,-0.331731f,0.329949f,-0.391493f,-0.768968f,-0.088619f,-0.107824f,-0.318491f,-0.002185f,-0.017662f,-0.230490f,
  -0.236941f,0.217494f,-0.331731f,-0.345903f,-0.336669f,0.563511f,-0.117937f,0.108610f,-0.318491f,0.001712f,0.010051f,0.226110f,
  0.236757f,0.191731f,-0.331731f,-0.358109f,0.321193f,-0.647000f,0.117331f,0.096342f,-0.318491f,-0.009114f,-0.010563f,-0.228547f,
};
static sfloat Q_data[NSTATES*NSTATES] = {
  100.000000f,0.000000f,0.000000f,0.000000f,0.000000f,0.000000f,0.000000f,0.000000f,0.000000f,0.000000f,0.000000f,0.000000f,
  0.000000f,100.000000f,0.000000f,0.000000f,0.000000f,0.000000f,0.000000f,0.000000f,0.000000f,0.000000f,0.000000f,0.000000f,
  0.000000f,0.000000f,100.000000f,0.000000f,0.000000f,0.000000f,0.000000f,0.000000f,0.000000f,0.000000f,0.000000f,0.000000f,
  0.000000f,0.000000f,0.000000f,4.000000f,0.000000f,0.000000f,0.000000f,0.000000f,0.000000f,0.000000f,0.000000f,0.000000f,
  0.000000f,0.000000f,0.000000f,0.000000f,4.000000f,0.000000f,0.000000f,0.000000f,0.000000f,0.000000f,0.000000f,0.000000f,
  0.000000f,0.000000f,0.000000f,0.000000f,0.000000f,1111.111111f,0.000000f,0.000000f,0.000000f,0.000000f,0.000000f,0.000000f,
  0.000000f,0.000000f,0.000000f,0.000000f,0.000000f,0.000000f,4.000000f,0.000000f,0.000000f,0.000000f,0.000000f,0.000000f,
  0.000000f,0.000000f,0.000000f,0.000000f,0.000000f,0.000000f,0.000000f,4.000000f,0.000000f,0.000000f,0.000000f,0.000000f,
  0.000000f,0.000000f,0.000000f,0.000000f,0.000000f,0.000000f,0.000000f,0.000000f,4.000000f,0.000000f,0.000000f,0.000000f,
  0.000000f,0.000000f,0.000000f,0.000000f,0.000000f,0.000000f,0.000000f,0.000000f,0.000000f,2.040816f,0.000000f,0.000000f,
  0.000000f,0.000000f,0.000000f,0.000000f,0.000000f,0.000000f,0.000000f,0.000000f,0.000000f,0.000000f,2.040816f,0.000000f,
  0.000000f,0.000000f,0.000000f,0.000000f,0.000000f,0.000000f,0.000000f,0.000000f,0.000000f,0.000000f,0.000000f,25.000000f,
};
static sfloat R_data[NINPUTS*NINPUTS] = {
  144.000000f,0.000000f,0.000000f,0.000000f,
  0.000000f,144.000000f,0.000000f,0.000000f,
  0.000000f,0.000000f,144.000000f,0.000000f,
  0.000000f,0.000000f,0.000000f,144.000000f,
};
static sfloat A_data[NSTATES*NSTATES] = {
  1.000000f,0.000000f,0.000000f,0.000000f,0.000000f,0.000000f,0.000000f,0.000000f,0.000000f,0.000000f,0.000000f,0.000000f,
  0.000000f,1.000000f,0.000000f,0.000000f,0.000000f,0.000000f,0.000000f,0.000000f,0.000000f,0.000000f,0.000000f,0.000000f,
  0.000000f,0.000000f,1.000000f,0.000000f,0.000000f,0.000000f,0.000000f,0.000000f,0.000000f,0.000000f,0.000000f,0.000000f,
  0.000000f,-0.000157f,0.000000f,1.000000f,0.000000f,0.000000f,0.000000f,-0.078480f,0.000000f,0.000000f,0.000000f,0.000000f,
  0.000157f,0.000000f,0.000000f,0.000000f,1.000000f,0.000000f,0.078480f,0.000000f,0.000000f,0.000000f,0.000000f,0.000000f,
  0.000000f,0.000000f,0.000000f,0.000000f,0.000000f,1.000000f,0.000000f,0.000000f,0.000000f,0.000000f,0.000000f,0.000000f,
  0.004000f,0.000000f,0.000000f,0.000000f,0.000000f,0.000000f,1.000000f,0.000000f,0.000000f,0.000000f,0.000000f,0.000000f,
  0.000000f,0.004000f,0.000000f,0.000000f,0.000000f,0.000000f,0.000000f,1.000000f,0.000000f,0.000000f,0.000000f,0.000000f,
  0.000000f,0.000000f,0.004000f,0.000000f,0.000000f,0.000000f,0.000000f,0.000000f,1.000000f,0.000000f,0.000000f,0.000000f,
  0.000000f,-0.000000f,0.000000f,0.002000f,0.000000f,0.000000f,0.000000f,-0.000078f,0.000000f,1.000000f,0.000000f,0.000000f,
  0.000000f,0.000000f,0.000000f,0.000000f,0.002000f,0.000000f,0.000078f,0.000000f,0.000000f,0.000000f,1.000000f,0.000000f,
  0.000000f,0.000000f,0.000000f,0.000000f,0.000000f,0.002000f,0.000000f,0.000000f,0.000000f,0.000000f,0.000000f,1.000000f,
};

static sfloat B_data[NSTATES*NINPUTS] = {
  -0.000000f,0.000000f,0.000034f,-0.001101f,-0.001107f,0.000079f,-0.000029f,0.000029f,0.016817f,-1.101418f,-1.106828f,0.078991f,
  0.000000f,0.000000f,0.000034f,-0.001213f,0.001217f,-0.000029f,0.000032f,0.000032f,0.016817f,-1.212936f,1.217114f,-0.028895f,
  0.000000f,-0.000000f,0.000034f,0.001103f,0.001110f,-0.000111f,0.000029f,-0.000029f,0.016817f,1.102651f,1.110278f,-0.111375f,
  -0.000000f,-0.000000f,0.000034f,0.001212f,-0.001221f,0.000061f,-0.000032f,-0.000032f,0.016817f,1.211704f,-1.220564f,0.061279f,
};

