static sfloat Kinf_data[NINPUTS*NSTATES] = {
  -0.117395f,0.117056f,0.111241f,-0.110901f,
  0.116078f,0.113261f,-0.113640f,-0.115699f,
  0.624712f,0.624712f,0.624712f,0.624712f,
  -0.252610f,-0.243401f,0.244769f,0.251242f,
  -0.257259f,0.255981f,0.237523f,-0.236245f,
  -0.908634f,1.079706f,-1.502808f,1.331736f,
  -0.090116f,0.089743f,0.084207f,-0.083834f,
  0.088772f,0.086023f,-0.086427f,-0.088368f,
  0.308527f,0.308527f,0.308527f,0.308527f,
  -0.204995f,-0.189386f,0.190904f,0.203478f,
  -0.214410f,0.212966f,0.179074f,-0.177629f,
  -0.256834f,0.281573f,-0.342658f,0.317919f,
};
static sfloat Pinf_data[NSTATES*NSTATES] = {
  499503.916989f,-4.634609f,-0.000000f,11.007178f,63567.533692f,1199.000467f,49318.141116f,-3.730882f,-0.000000f,9.960740f,128.326572f,205.754441f,
  -4.634609f,499500.895226f,0.000000f,-63559.027680f,-11.005207f,-474.580475f,-3.730499f,49315.445178f,0.000000f,-118.726522f,-9.955006f,-81.581891f,
  -0.000000f,0.000000f,481239.732557f,-0.000000f,-0.000000f,-0.000000f,-0.000000f,0.000000f,37981.077062f,-0.000000f,-0.000000f,-0.000000f,
  11.007178f,-63559.027680f,-0.000000f,133196.650642f,27.236160f,1389.274020f,9.070930f,-47536.018610f,-0.000000f,257.791022f,26.758579f,257.730634f,
  63567.533692f,-11.005207f,-0.000000f,27.236160f,133221.690589f,3500.888014f,47543.809895f,-9.070253f,-0.000000f,26.767955f,288.924948f,648.304389f,
  1199.000467f,-474.580475f,-0.000000f,1389.274020f,3500.888014f,1925891.349720f,1091.268084f,-432.633503f,-0.000000f,1788.785614f,4493.514994f,76680.579294f,
  49318.141116f,-3.730499f,-0.000000f,9.070930f,47543.809895f,1091.268084f,26232.741154f,-3.043817f,-0.000000f,8.587909f,99.945982f,195.392060f,
  -3.730882f,49315.445178f,0.000000f,-47536.018610f,-9.070253f,-432.633503f,-3.043817f,26230.298296f,0.000000f,-90.662782f,-8.584123f,-77.600916f,
  -0.000000f,0.000000f,37981.077062f,-0.000000f,-0.000000f,-0.000000f,-0.000000f,0.000000f,18758.535605f,-0.000000f,-0.000000f,-0.000000f,
  9.960740f,-118.726522f,-0.000000f,257.791022f,26.767955f,1788.785614f,8.587909f,-90.662782f,-0.000000f,235.773924f,36.724835f,453.482887f,
  128.326572f,-9.955006f,-0.000000f,26.758579f,288.924948f,4493.514994f,99.945982f,-8.584123f,-0.000000f,36.724835f,292.423339f,1136.862168f,
  205.754441f,-81.581891f,-0.000000f,257.730634f,648.304389f,76680.579294f,195.392060f,-77.600916f,-0.000000f,453.482887f,1136.862168f,19065.569725f,
};
static sfloat Quu_inv_data[NINPUTS*NINPUTS] = {
  0.003496f,-0.000000f,0.000423f,-0.000003f,
  -0.000000f,0.003459f,-0.000001f,0.000459f,
  0.000423f,-0.000001f,0.003492f,0.000003f,
  -0.000003f,0.000459f,0.000003f,0.003457f,
};
static sfloat AmBKt_data[NSTATES*NSTATES] = {
  1.000000f,-0.000000f,0.000000f,0.000000f,0.000010f,0.000000f,0.001000f,-0.000000f,0.000000f,0.000000f,0.000000f,0.000000f,
  -0.000000f,1.000000f,-0.000000f,-0.000010f,-0.000000f,-0.000000f,-0.000000f,0.001000f,-0.000000f,-0.000000f,-0.000000f,-0.000000f,
  -0.000000f,0.000000f,0.999995f,-0.000000f,-0.000000f,-0.000000f,0.000000f,0.000000f,0.000997f,-0.000000f,-0.000000f,-0.000000f,
  0.000002f,0.000033f,0.000000f,0.999928f,0.000003f,0.000022f,0.000001f,0.000025f,0.000000f,0.000443f,0.000002f,0.000003f,
  -0.000033f,-0.000002f,0.000000f,0.000003f,0.999928f,0.000061f,-0.000025f,-0.000001f,0.000000f,0.000003f,0.000443f,0.000009f,
  0.000002f,-0.000001f,-0.000000f,0.000002f,0.000004f,0.999991f,0.000002f,-0.000001f,-0.000000f,0.000001f,0.000003f,0.000498f,
  -0.000000f,-0.000000f,0.000000f,0.000000f,0.019620f,0.000000f,1.000000f,-0.000000f,0.000000f,0.000000f,0.000005f,0.000000f,
  -0.000000f,-0.000000f,-0.000000f,-0.019620f,-0.000000f,-0.000000f,-0.000000f,1.000000f,-0.000000f,-0.000005f,-0.000000f,-0.000000f,
  -0.000000f,0.000000f,-0.010506f,-0.000000f,-0.000000f,-0.000000f,0.000000f,0.000000f,0.994811f,-0.000000f,-0.000000f,-0.000000f,
  0.006100f,0.132682f,0.000000f,-0.286946f,0.012873f,0.088058f,0.004582f,0.101123f,0.000000f,0.771862f,0.009984f,0.012814f,
  -0.132819f,-0.006104f,0.000000f,0.012887f,-0.287092f,0.243544f,-0.101197f,-0.004586f,0.000000f,0.010003f,0.771963f,0.035377f,
  0.007960f,-0.002866f,-0.000000f,0.006197f,0.017162f,-0.036503f,0.006057f,-0.002184f,-0.000000f,0.004878f,0.013480f,0.992695f,
};
static sfloat coeff_d2p_data[NSTATES*NINPUTS] = {
  0.575945f,-0.567797f,-1.187772f,1.180614f,1.205775f,1.953508f,0.347843f,-0.341171f,-0.330774f,0.010022f,0.021580f,0.316188f,
  -0.586849f,-0.565590f,-1.187772f,1.162709f,-1.226906f,-2.167510f,-0.354042f,-0.336933f,-0.330774f,-0.005814f,-0.022059f,-0.326972f,
  -0.543314f,0.554828f,-1.187772f,-1.141867f,-1.108458f,2.710140f,-0.321829f,0.330819f,-0.330774f,0.006303f,0.019267f,0.354341f,
  0.554217f,0.578559f,-1.187772f,-1.201455f,1.129590f,-2.496138f,0.328028f,0.347286f,-0.330774f,-0.010511f,-0.018787f,-0.343557f,
};
static sfloat Q_data[NSTATES*NSTATES] = {
  2500.000000f,0.000000f,0.000000f,0.000000f,0.000000f,0.000000f,0.000000f,0.000000f,0.000000f,0.000000f,0.000000f,0.000000f,
  0.000000f,2500.000000f,0.000000f,0.000000f,0.000000f,0.000000f,0.000000f,0.000000f,0.000000f,0.000000f,0.000000f,0.000000f,
  0.000000f,0.000000f,2500.000000f,0.000000f,0.000000f,0.000000f,0.000000f,0.000000f,0.000000f,0.000000f,0.000000f,0.000000f,
  0.000000f,0.000000f,0.000000f,100.000000f,0.000000f,0.000000f,0.000000f,0.000000f,0.000000f,0.000000f,0.000000f,0.000000f,
  0.000000f,0.000000f,0.000000f,0.000000f,100.000000f,0.000000f,0.000000f,0.000000f,0.000000f,0.000000f,0.000000f,0.000000f,
  0.000000f,0.000000f,0.000000f,0.000000f,0.000000f,10000.000000f,0.000000f,0.000000f,0.000000f,0.000000f,0.000000f,0.000000f,
  0.000000f,0.000000f,0.000000f,0.000000f,0.000000f,0.000000f,100.000000f,0.000000f,0.000000f,0.000000f,0.000000f,0.000000f,
  0.000000f,0.000000f,0.000000f,0.000000f,0.000000f,0.000000f,0.000000f,100.000000f,0.000000f,0.000000f,0.000000f,0.000000f,
  0.000000f,0.000000f,0.000000f,0.000000f,0.000000f,0.000000f,0.000000f,0.000000f,100.000000f,0.000000f,0.000000f,0.000000f,
  0.000000f,0.000000f,0.000000f,0.000000f,0.000000f,0.000000f,0.000000f,0.000000f,0.000000f,51.020408f,0.000000f,0.000000f,
  0.000000f,0.000000f,0.000000f,0.000000f,0.000000f,0.000000f,0.000000f,0.000000f,0.000000f,0.000000f,51.020408f,0.000000f,
  0.000000f,0.000000f,0.000000f,0.000000f,0.000000f,0.000000f,0.000000f,0.000000f,0.000000f,0.000000f,0.000000f,100.000000f,
};
static sfloat R_data[NINPUTS*NINPUTS] = {
  4.000000f,0.000000f,0.000000f,0.000000f,
  0.000000f,4.000000f,0.000000f,0.000000f,
  0.000000f,0.000000f,4.000000f,0.000000f,
  0.000000f,0.000000f,0.000000f,4.000000f,
};
static sfloat A_data[NSTATES*NSTATES] = {
  1.000000f,0.000000f,0.000000f,0.000000f,0.000000f,0.000000f,0.000000f,0.000000f,0.000000f,0.000000f,0.000000f,0.000000f,
  0.000000f,1.000000f,0.000000f,0.000000f,0.000000f,0.000000f,0.000000f,0.000000f,0.000000f,0.000000f,0.000000f,0.000000f,
  0.000000f,0.000000f,1.000000f,0.000000f,0.000000f,0.000000f,0.000000f,0.000000f,0.000000f,0.000000f,0.000000f,0.000000f,
  0.000000f,-0.000010f,0.000000f,1.000000f,0.000000f,0.000000f,0.000000f,-0.019620f,0.000000f,0.000000f,0.000000f,0.000000f,
  0.000010f,0.000000f,0.000000f,0.000000f,1.000000f,0.000000f,0.019620f,0.000000f,0.000000f,0.000000f,0.000000f,0.000000f,
  0.000000f,0.000000f,0.000000f,0.000000f,0.000000f,1.000000f,0.000000f,0.000000f,0.000000f,0.000000f,0.000000f,0.000000f,
  0.001000f,0.000000f,0.000000f,0.000000f,0.000000f,0.000000f,1.000000f,0.000000f,0.000000f,0.000000f,0.000000f,0.000000f,
  0.000000f,0.001000f,0.000000f,0.000000f,0.000000f,0.000000f,0.000000f,1.000000f,0.000000f,0.000000f,0.000000f,0.000000f,
  0.000000f,0.000000f,0.001000f,0.000000f,0.000000f,0.000000f,0.000000f,0.000000f,1.000000f,0.000000f,0.000000f,0.000000f,
  0.000000f,-0.000000f,0.000000f,0.000500f,0.000000f,0.000000f,0.000000f,-0.000005f,0.000000f,1.000000f,0.000000f,0.000000f,
  0.000000f,0.000000f,0.000000f,0.000000f,0.000500f,0.000000f,0.000005f,0.000000f,0.000000f,0.000000f,1.000000f,0.000000f,
  0.000000f,0.000000f,0.000000f,0.000000f,0.000000f,0.000500f,0.000000f,0.000000f,0.000000f,0.000000f,0.000000f,1.000000f,
};

static sfloat B_data[NSTATES*NINPUTS] = {
  -0.000000f,0.000000f,0.000002f,-0.000069f,-0.000069f,0.000005f,-0.000000f,0.000000f,0.004204f,-0.275355f,-0.276707f,0.019748f,
  0.000000f,0.000000f,0.000002f,-0.000076f,0.000076f,-0.000002f,0.000000f,0.000000f,0.004204f,-0.303234f,0.304278f,-0.007224f,
  0.000000f,-0.000000f,0.000002f,0.000069f,0.000069f,-0.000007f,0.000000f,-0.000000f,0.004204f,0.275663f,0.277570f,-0.027844f,
  -0.000000f,-0.000000f,0.000002f,0.000076f,-0.000076f,0.000004f,-0.000000f,-0.000000f,0.004204f,0.302926f,-0.305141f,0.015320f,
};

