static sfloat Kinf_data[NINPUTS*NSTATES] = {
  -0.130234f,0.125714f,0.103649f,-0.099129f,
  0.124353f,0.108990f,-0.113771f,-0.119573f,
  0.561104f,0.561104f,0.561104f,0.561104f,
  -0.543015f,-0.418014f,0.443506f,0.517523f,
  -0.613400f,0.588713f,0.364127f,-0.339440f,
  -0.715746f,0.733133f,-0.774266f,0.756879f,
  -0.098969f,0.095244f,0.072299f,-0.068574f,
  0.092186f,0.077660f,-0.081555f,-0.088291f,
  0.247898f,0.247898f,0.247898f,0.247898f,
  -0.044429f,-0.026742f,0.028911f,0.042260f,
  -0.055919f,0.053796f,0.017089f,-0.014967f,
  -0.304021f,0.308670f,-0.319651f,0.315002f,
};
static sfloat Pinf_data[NSTATES*NSTATES] = {
  3656.468428f,-10.774114f,0.000000f,44.073251f,2936.200079f,268.657042f,1023.294896f,-8.008755f,0.000000f,2.715349f,27.764521f,78.222111f,
  -10.774114f,3639.918141f,-0.000000f,-2867.463266f,-44.165833f,-107.006426f,-8.015650f,1010.838131f,-0.000000f,-23.668947f,-2.725002f,-31.163470f,
  0.000000f,0.000000f,13806.362214f,-0.000000f,0.000000f,-0.000000f,0.000000f,0.000000f,2755.536630f,-0.000000f,-0.000000f,-0.000000f,
  44.073251f,-2867.463266f,0.000000f,10730.194711f,249.158057f,888.241366f,36.794151f,-2010.148411f,0.000000f,97.475778f,21.593958f,290.238856f,
  2936.200079f,-44.165833f,0.000000f,249.158057f,11155.582478f,2224.916784f,2070.015756f,-36.833537f,0.000000f,21.580720f,135.963899f,726.779219f,
  268.657042f,-107.006426f,-0.000000f,888.241366f,2224.916784f,46445.790721f,259.484172f,-103.470714f,-0.000000f,108.104681f,270.545469f,4479.420073f,
  1023.294896f,-8.015650f,0.000000f,36.794151f,2070.015756f,259.484172f,596.519274f,-6.215202f,0.000000f,2.531552f,21.288190f,78.149961f,
  -8.008755f,1010.838131f,-0.000000f,-2010.148411f,-36.833537f,-103.470714f,-6.215202f,586.626366f,-0.000000f,-17.156856f,-2.536644f,-31.171295f,
  0.000000f,0.000000f,2755.536630f,-0.000000f,0.000000f,-0.000000f,0.000000f,0.000000f,1192.975645f,-0.000000f,-0.000000f,-0.000000f,
  2.715349f,-23.668947f,-0.000000f,97.475778f,21.580720f,108.104681f,2.531552f,-17.156856f,-0.000000f,10.648798f,3.055085f,44.966914f,
  27.764521f,-2.725002f,0.000000f,21.593958f,135.963899f,270.545469f,21.288190f,-2.536644f,-0.000000f,3.055085f,16.547223f,112.493963f,
  78.222111f,-31.163470f,-0.000000f,290.238856f,726.779219f,4479.420073f,78.149961f,-31.171295f,-0.000000f,44.966914f,112.493963f,1902.494789f,
};
static sfloat Quu_inv_data[NINPUTS*NINPUTS] = {
  0.001289f,0.000003f,0.000726f,-0.000003f,
  0.000003f,0.001264f,-0.000001f,0.000748f,
  0.000726f,-0.000001f,0.001280f,0.000010f,
  -0.000003f,0.000748f,0.000010f,0.001261f,
};
static sfloat AmBKt_data[NSTATES*NSTATES] = {
  0.999991f,-0.000000f,0.000000f,0.000001f,0.004196f,0.000002f,0.019993f,-0.000000f,0.000000f,0.000000f,0.000011f,0.000000f,
  -0.000000f,0.999991f,0.000000f,-0.004196f,-0.000001f,-0.000001f,-0.000000f,0.019993f,0.000000f,-0.000011f,-0.000000f,-0.000000f,
  0.000000f,0.000000f,0.997840f,-0.000000f,0.000000f,-0.000000f,0.000000f,-0.000000f,0.019046f,-0.000000f,0.000000f,0.000000f,
  0.000365f,0.013231f,-0.000000f,0.945524f,0.001184f,0.000921f,0.000243f,0.009630f,0.000000f,0.005967f,0.000072f,0.000253f,
  -0.013077f,-0.000359f,0.000000f,0.001153f,0.945700f,0.002427f,-0.009551f,-0.000238f,0.000000f,0.000070f,0.005963f,0.000667f,
  0.000773f,-0.000295f,0.000000f,0.001189f,0.003110f,0.998654f,0.000560f,-0.000214f,0.000000f,0.000083f,0.000216f,0.009461f,
  -0.001440f,-0.000040f,-0.000000f,0.000127f,0.386421f,0.000267f,0.998948f,-0.000026f,-0.000000f,0.000008f,0.001362f,0.000073f,
  -0.000040f,-0.001457f,0.000000f,-0.386402f,-0.000130f,-0.000101f,-0.000027f,0.998940f,0.000000f,-0.001363f,-0.000008f,-0.000028f,
  0.000000f,0.000000f,-0.215994f,-0.000000f,0.000000f,-0.000000f,0.000000f,-0.000000f,0.904573f,0.000000f,0.000000f,0.000000f,
  0.072917f,2.646242f,-0.000000f,-10.895129f,0.236702f,0.184130f,0.048512f,1.925909f,0.000000f,0.193345f,0.014486f,0.050611f,
  -2.615483f,-0.071832f,-0.000000f,0.230540f,-10.859919f,0.485378f,-1.910184f,-0.047591f,-0.000000f,0.013999f,0.192588f,0.133397f,
  0.154695f,-0.058946f,0.000000f,0.237879f,0.622046f,-0.269253f,0.111952f,-0.042726f,0.000000f,0.016516f,0.043124f,0.892235f,
};
static sfloat coeff_d2p_data[NSTATES*NINPUTS] = {
  0.000001f,-0.000001f,-0.000001f,0.000003f,0.000004f,0.000050f,0.000001f,-0.000001f,-0.000000f,0.000000f,0.000000f,0.000008f,
  -0.000001f,-0.000001f,-0.000001f,0.000001f,-0.000004f,-0.000057f,-0.000001f,-0.000001f,-0.000000f,-0.000000f,-0.000001f,-0.000009f,
  -0.000002f,0.000002f,-0.000001f,-0.000001f,0.000000f,0.000077f,-0.000001f,0.000001f,-0.000000f,0.000000f,0.000001f,0.000012f,
  0.000002f,0.000001f,-0.000001f,-0.000003f,-0.000000f,-0.000069f,0.000001f,0.000001f,-0.000000f,-0.000000f,-0.000001f,-0.000011f,
};
static sfloat Q_data[NSTATES*NSTATES] = {
  100.000000f,0.000000f,0.000000f,0.000000f,0.000000f,0.000000f,0.000000f,0.000000f,0.000000f,0.000000f,0.000000f,0.000000f,
  0.000000f,100.000000f,0.000000f,0.000000f,0.000000f,0.000000f,0.000000f,0.000000f,0.000000f,0.000000f,0.000000f,0.000000f,
  0.000000f,0.000000f,625.000000f,0.000000f,0.000000f,0.000000f,0.000000f,0.000000f,0.000000f,0.000000f,0.000000f,0.000000f,
  0.000000f,0.000000f,0.000000f,4.000000f,0.000000f,0.000000f,0.000000f,0.000000f,0.000000f,0.000000f,0.000000f,0.000000f,
  0.000000f,0.000000f,0.000000f,0.000000f,4.000000f,0.000000f,0.000000f,0.000000f,0.000000f,0.000000f,0.000000f,0.000000f,
  0.000000f,0.000000f,0.000000f,0.000000f,0.000000f,1111.111111f,0.000000f,0.000000f,0.000000f,0.000000f,0.000000f,0.000000f,
  0.000000f,0.000000f,0.000000f,0.000000f,0.000000f,0.000000f,11.111111f,0.000000f,0.000000f,0.000000f,0.000000f,0.000000f,
  0.000000f,0.000000f,0.000000f,0.000000f,0.000000f,0.000000f,0.000000f,11.111111f,0.000000f,0.000000f,0.000000f,0.000000f,
  0.000000f,0.000000f,0.000000f,0.000000f,0.000000f,0.000000f,0.000000f,0.000000f,6.250000f,0.000000f,0.000000f,0.000000f,
  0.000000f,0.000000f,0.000000f,0.000000f,0.000000f,0.000000f,0.000000f,0.000000f,0.000000f,6.250000f,0.000000f,0.000000f,
  0.000000f,0.000000f,0.000000f,0.000000f,0.000000f,0.000000f,0.000000f,0.000000f,0.000000f,0.000000f,6.250000f,0.000000f,
  0.000000f,0.000000f,0.000000f,0.000000f,0.000000f,0.000000f,0.000000f,0.000000f,0.000000f,0.000000f,0.000000f,100.000000f,
};
static sfloat R_data[NINPUTS*NINPUTS] = {
  400.000000f,0.000000f,0.000000f,0.000000f,
  0.000000f,400.000000f,0.000000f,0.000000f,
  0.000000f,0.000000f,400.000000f,0.000000f,
  0.000000f,0.000000f,0.000000f,400.000000f,
};
