#pragma once

#include <tinympc/types.hpp>

tinytype rho_value = 5.0;

tinytype Adyn_data[NSTATES*NSTATES] = {
  1.0000000,	0.0000000,	0.0000000,	0.0000000,	0.0039240,	-0.0000000,	0.0200000,	0.0000000,	0.0000000,	0.0000000,	0.0000131,	-0.0000000,	
  0.0000000,	1.0000000,	0.0000000,	-0.0039240,	0.0000000,	-0.0000000,	0.0000000,	0.0200000,	0.0000000,	-0.0000131,	0.0000000,	-0.0000000,	
  0.0000000,	0.0000000,	1.0000000,	0.0000000,	0.0000000,	0.0000000,	0.0000000,	0.0000000,	0.0200000,	0.0000000,	0.0000000,	0.0000000,	
  0.0000000,	0.0000000,	0.0000000,	1.0000000,	0.0000000,	0.0000000,	0.0000000,	0.0000000,	0.0000000,	0.0100000,	-0.0000000,	0.0000000,	
  0.0000000,	0.0000000,	0.0000000,	-0.0000000,	1.0000000,	-0.0000000,	0.0000000,	0.0000000,	0.0000000,	0.0000000,	0.0100000,	-0.0000000,	
  0.0000000,	0.0000000,	0.0000000,	-0.0000000,	0.0000000,	1.0000000,	0.0000000,	0.0000000,	0.0000000,	-0.0000000,	0.0000000,	0.0100000,	
  0.0000000,	0.0000000,	0.0000000,	0.0000000,	0.3924000,	-0.0000000,	1.0000000,	0.0000000,	0.0000000,	0.0000000,	0.0019620,	-0.0000000,	
  0.0000000,	0.0000000,	0.0000000,	-0.3924000,	0.0000000,	-0.0000000,	0.0000000,	1.0000000,	0.0000000,	-0.0019620,	0.0000000,	-0.0000000,	
  0.0000000,	0.0000000,	0.0000000,	0.0000000,	0.0000000,	0.0000000,	0.0000000,	0.0000000,	1.0000000,	0.0000000,	0.0000000,	0.0000000,	
  0.0000000,	0.0000000,	0.0000000,	0.0000000,	0.0000000,	0.0000000,	0.0000000,	0.0000000,	0.0000000,	1.0000000,	-0.0000000,	0.0000000,	
  0.0000000,	0.0000000,	0.0000000,	0.0000000,	0.0000000,	0.0000000,	0.0000000,	0.0000000,	0.0000000,	0.0000000,	1.0000000,	-0.0000000,	
  0.0000000,	0.0000000,	0.0000000,	0.0000000,	0.0000000,	0.0000000,	0.0000000,	0.0000000,	0.0000000,	-0.0000000,	0.0000000,	1.0000000	
};

tinytype Bdyn_data[NSTATES*NINPUTS] = {
  -0.0000181,	0.0000199,	0.0000182,	-0.0000200,	
  0.0000180,	0.0000198,	-0.0000180,	-0.0000198,	
  0.0008409,	0.0008409,	0.0008409,	0.0008409,	
  -0.0275355,	-0.0303234,	0.0275663,	0.0302926,	
  -0.0276707,	0.0304278,	0.0277570,	-0.0305141,	
  0.0019748,	-0.0007224,	-0.0027844,	0.0015320,	
  -0.0036193,	0.0039800,	0.0036306,	-0.0039912,	
  0.0036016,	0.0039663,	-0.0036057,	-0.0039623,	
  0.0840857,	0.0840857,	0.0840857,	0.0840857,	
  -5.5070921,	-6.0646807,	5.5132527,	6.0585201,	
  -5.5341404,	6.0855684,	5.5513900,	-6.1028180,	
  0.3949542,	-0.1444728,	-0.5568752,	0.3063938	
};

tinytype Kinf_data[NINPUTS*NSTATES] = {
  -0.1530077,	0.1495207,	0.4766503,	-0.6307267,	-0.6845059,	-0.9333508,	-0.1113209,	0.1068332,	0.2759713,	-0.0512664,	-0.0614375,	-0.2791966,	
  0.1421127,	0.1327658,	0.4766503,	-0.5097018,	0.6391280,	0.9359641,	0.1035379,	0.0922809,	0.2759713,	-0.0339835,	0.0579636,	0.2791355,	
  0.1383866,	-0.1436895,	0.4766503,	0.5551437,	0.4953776,	-0.9417543,	0.0944084,	-0.1000803,	0.2759713,	0.0374602,	0.0269098,	-0.2789274,	
  -0.1274916,	-0.1385970,	0.4766503,	0.5852848,	-0.4499996,	0.9391410,	-0.0866254,	-0.0990337,	0.2759713,	0.0477898,	-0.0234359,	0.2789885	
};

tinytype Pinf_data[NSTATES*NSTATES] = {
  3705.1925003,	-1.9171765,	0.0000000,	7.7565817,	2970.2707085,	71.1842960,	1045.5451110,	-1.3833657,	0.0000000,	0.4994994,	17.3248335,	10.1898550,	
  -1.9171765,	3703.1429943,	-0.0000000,	-2961.6148565,	-7.7603506,	-28.4504870,	-1.3836518,	1044.0144350,	-0.0000000,	-16.8055954,	-0.4999005,	-4.0743163,	
  -0.0000000,	-0.0000000,	3039.6479838,	0.0000000,	0.0000000,	-0.0000000,	-0.0000000,	-0.0000000,	624.5520790,	-0.0000000,	-0.0000000,	-0.0000000,	
  7.7565817,	-2961.6148565,	0.0000000,	11100.9114600,	44.8630626,	254.3258031,	6.3722824,	-2025.1620740,	0.0000000,	65.7614699,	4.1867257,	51.1490667,	
  2970.2707085,	-7.7603506,	0.0000000,	44.8630626,	11164.8131953,	636.0233884,	2033.1795552,	-6.3737979,	0.0000000,	4.1861881,	72.3994826,	127.8852146,	
  71.1842960,	-28.4504870,	-0.0000000,	254.3258031,	636.0233884,	12052.3199753,	70.8125840,	-28.3092597,	-0.0000000,	31.3316807,	78.3423841,	1283.3320284,	
  1045.5451110,	-1.3836518,	0.0000000,	6.3722824,	2033.1795552,	70.8125840,	580.7984952,	-1.0479018,	0.0000000,	0.4636744,	12.2798424,	11.6023527,	
  -1.3833657,	1044.0144350,	-0.0000000,	-2025.1620740,	-6.3737979,	-28.3092597,	-1.0479018,	579.5579839,	-0.0000000,	-11.6807904,	-0.4638765,	-4.6398732,	
  -0.0000000,	-0.0000000,	624.5520790,	0.0000000,	-0.0000000,	-0.0000000,	-0.0000000,	-0.0000000,	359.8579970,	-0.0000000,	-0.0000000,	-0.0000000,	
  0.4994994,	-16.8055954,	-0.0000000,	65.7614699,	4.1861881,	31.3316807,	0.4636744,	-11.6807904,	-0.0000000,	8.3614014,	0.6452366,	9.2140813,	
  17.3248335,	-0.4999005,	-0.0000000,	4.1867257,	72.3994826,	78.3423841,	12.2798424,	-0.4638765,	-0.0000000,	0.6452366,	9.5549699,	23.0355603,	
  10.1898550,	-4.0743163,	-0.0000000,	51.1490667,	127.8852146,	1283.3320284,	11.6023527,	-4.6398732,	-0.0000000,	9.2140813,	23.0355603,	380.0678624	
};

tinytype Quu_inv_data[NINPUTS*NINPUTS] = {
  0.0047506,	-0.0000113,	0.0039278,	-0.0000121,	
  -0.0000113,	0.0046870,	-0.0000070,	0.0039863,	
  0.0039278,	-0.0000070,	0.0047327,	0.0000016,	
  -0.0000121,	0.0039863,	0.0000016,	0.0046793	
};

tinytype AmBKt_data[NSTATES*NSTATES] = {
  0.9999893,	-0.0000001,	0.0000000,	0.0001435,	-0.0162895,	0.0009854,	-0.0021307,	-0.0000188,	0.0000000,	0.0286910,	-3.2578984,	0.1970891,	
  -0.0000001,	0.9999893,	0.0000000,	0.0163025,	-0.0001432,	-0.0003871,	-0.0000187,	-0.0021324,	0.0000000,	3.2604953,	-0.0286424,	-0.0774247,	
  -0.0000000,	0.0000000,	0.9983968,	0.0000000,	-0.0000000,	-0.0000000,	-0.0000000,	0.0000000,	-0.1603179,	0.0000000,	-0.0000000,	-0.0000000,	
  0.0000003,	-0.0038809,	0.0000000,	0.9341437,	0.0005068,	0.0015264,	0.0000663,	-0.3837860,	0.0000000,	-13.1712557,	0.1013625,	0.3052883,	
  0.0038809,	-0.0000003,	0.0000000,	0.0005083,	0.9341305,	0.0038821,	0.3837843,	-0.0000665,	0.0000000,	0.1016603,	-13.1739086,	0.7764257,	
  0.0000003,	-0.0000001,	-0.0000000,	0.0001930,	0.0004914,	0.9984583,	0.0000643,	-0.0000252,	-0.0000000,	0.0385990,	0.0982844,	-0.3083344,	
  0.0199925,	-0.0000001,	0.0000000,	0.0000960,	-0.0114945,	0.0006902,	0.9984965,	-0.0000126,	0.0000000,	0.0191937,	-2.2989089,	0.1380402,	
  -0.0000001,	0.0199925,	-0.0000000,	0.0114988,	-0.0000958,	-0.0002713,	-0.0000125,	0.9984960,	-0.0000000,	2.2997601,	-0.0191516,	-0.0542511,	
  -0.0000000,	0.0000000,	0.0190718,	0.0000000,	0.0000000,	-0.0000000,	0.0000000,	0.0000000,	0.9071790,	0.0000000,	-0.0000000,	-0.0000000,	
  0.0000000,	-0.0000099,	-0.0000000,	0.0050775,	0.0000339,	0.0001078,	0.0000044,	-0.0013181,	-0.0000000,	0.0155087,	0.0067899,	0.0215564,	
  0.0000099,	-0.0000000,	-0.0000000,	0.0000341,	0.0050742,	0.0002740,	0.0013177,	-0.0000045,	-0.0000000,	0.0068146,	0.0148430,	0.0548052,	
  0.0000000,	-0.0000000,	-0.0000000,	0.0000142,	0.0000362,	0.0095489,	0.0000047,	-0.0000019,	-0.0000000,	0.0028466,	0.0072391,	0.9097893	
};

tinytype coeff_d2p_data[NSTATES*NINPUTS] = {
  -0.0000000,	0.0000000,	0.0000000,	-0.0000000,	
  0.0000000,	0.0000000,	-0.0000000,	-0.0000000,	
  -0.0000000,	-0.0000000,	-0.0000000,	-0.0000000,	
  0.0000001,	0.0000001,	-0.0000001,	-0.0000001,	
  0.0000001,	-0.0000001,	-0.0000001,	0.0000001,	
  0.0000000,	-0.0000000,	-0.0000000,	-0.0000000,	
  0.0000000,	-0.0000000,	-0.0000000,	0.0000000,	
  -0.0000000,	-0.0000000,	0.0000000,	0.0000000,	
  -0.0000000,	-0.0000000,	-0.0000000,	-0.0000000,	
  0.0000000,	0.0000000,	-0.0000000,	-0.0000000,	
  0.0000000,	-0.0000000,	-0.0000000,	0.0000000,	
  0.0000000,	-0.0000000,	0.0000000,	-0.0000000	
};

tinytype Q_data[NSTATES]= {100.0000000,	100.0000000,	100.0000000,	4.0000000,	4.0000000,	400.0000000,	4.0000000,	4.0000000,	4.0000000,	2.0408163,	2.0408163,	4.0000000};

tinytype Qf_data[NSTATES]= {100.0000000,	100.0000000,	100.0000000,	4.0000000,	4.0000000,	400.0000000,	4.0000000,	4.0000000,	4.0000000,	2.0408163,	2.0408163,	4.0000000};

tinytype R_data[NINPUTS]= {100.0000000,	100.0000000,	100.0000000,	100.0000000};

