#pragma once

#include <tinympc/types.hpp>

tinytype rho_unconstrained_value = 5.0;

tinytype Adyn_unconstrained_data[NSTATES*NSTATES] = {
  1.0000000,	0.0000000,	0.0000000,	0.0000000,	0.0043725,	-0.0000000,	0.0200000,	0.0000000,	0.0000000,	0.0000000,	0.0000146,	-0.0000000,	
  0.0000000,	1.0000000,	0.0000000,	-0.0043725,	0.0000000,	-0.0000000,	0.0000000,	0.0200000,	0.0000000,	-0.0000146,	0.0000000,	-0.0000000,	
  0.0000000,	0.0000000,	1.0000000,	0.0000000,	0.0000000,	0.0000000,	0.0000000,	0.0000000,	0.0200000,	0.0000000,	0.0000000,	0.0000000,	
  0.0000000,	0.0000000,	0.0000000,	1.0000000,	0.0000000,	0.0000000,	0.0000000,	0.0000000,	0.0000000,	0.0100000,	-0.0000000,	0.0000000,	
  0.0000000,	0.0000000,	0.0000000,	-0.0000000,	1.0000000,	-0.0000000,	0.0000000,	0.0000000,	0.0000000,	0.0000000,	0.0100000,	-0.0000000,	
  0.0000000,	0.0000000,	0.0000000,	-0.0000000,	0.0000000,	1.0000000,	0.0000000,	0.0000000,	0.0000000,	-0.0000000,	0.0000000,	0.0100000,	
  0.0000000,	0.0000000,	0.0000000,	0.0000000,	0.4372457,	-0.0000000,	1.0000000,	0.0000000,	0.0000000,	0.0000000,	0.0021862,	-0.0000000,	
  0.0000000,	0.0000000,	0.0000000,	-0.4372457,	0.0000000,	-0.0000000,	0.0000000,	1.0000000,	0.0000000,	-0.0021862,	0.0000000,	-0.0000000,	
  0.0000000,	0.0000000,	0.0000000,	0.0000000,	0.0000000,	0.0000000,	0.0000000,	0.0000000,	1.0000000,	0.0000000,	0.0000000,	0.0000000,	
  0.0000000,	0.0000000,	0.0000000,	0.0000000,	0.0000000,	0.0000000,	0.0000000,	0.0000000,	0.0000000,	1.0000000,	-0.0000000,	0.0000000,	
  0.0000000,	0.0000000,	0.0000000,	0.0000000,	0.0000000,	0.0000000,	0.0000000,	0.0000000,	0.0000000,	0.0000000,	1.0000000,	-0.0000000,	
  0.0000000,	0.0000000,	0.0000000,	0.0000000,	0.0000000,	0.0000000,	0.0000000,	0.0000000,	0.0000000,	-0.0000000,	0.0000000,	1.0000000	
};

tinytype Bdyn_unconstrained_data[NSTATES*NINPUTS] = {
  -0.0000202,	0.0000222,	0.0000202,	-0.0000222,	
  0.0000201,	0.0000221,	-0.0000201,	-0.0000221,	
  0.0008409,	0.0008409,	0.0008409,	0.0008409,	
  -0.0275355,	-0.0303234,	0.0275663,	0.0302926,	
  -0.0276707,	0.0304278,	0.0277570,	-0.0305141,	
  0.0019748,	-0.0007224,	-0.0027844,	0.0015320,	
  -0.0040330,	0.0044348,	0.0040455,	-0.0044474,	
  0.0040133,	0.0044196,	-0.0040177,	-0.0044151,	
  0.0840857,	0.0840857,	0.0840857,	0.0840857,	
  -5.5070921,	-6.0646807,	5.5132527,	6.0585201,	
  -5.5341404,	6.0855684,	5.5513900,	-6.1028180,	
  0.3949542,	-0.1444728,	-0.5568752,	0.3063938	
};

tinytype Kinf_unconstrained_data[NINPUTS*NSTATES] = {
  -1.3243941,	1.3277052,	4.2841285,	-1.2749075,	-1.3279604,	-0.9388749,	-0.3952842,	0.3923417,	0.7252624,	-0.0548467,	-0.0650245,	-0.2796801,	
  1.2258224,	1.2227613,	4.2841285,	-1.1001290,	1.2318912,	0.9382169,	0.3657048,	0.3559844,	0.7252624,	-0.0371703,	0.0611744,	0.2793356,	
  1.3087277,	-1.3215723,	4.2841285,	1.1962946,	1.1311139,	-0.9364771,	0.3783671,	-0.3856145,	0.7252624,	0.0410217,	0.0304505,	-0.2784756,	
  -1.2101560,	-1.2288942,	4.2841285,	1.1787420,	-1.0350447,	0.9371351,	-0.3487877,	-0.3627116,	0.7252624,	0.0509953,	-0.0266004,	0.2788201	
};

tinytype Pinf_unconstrained_data[NSTATES*NSTATES] = {
  146852.0483467,	-125.2659683,	0.0000000,	100.3538121,	31595.4930921,	132.9938171,	19861.6786553,	-35.6775832,	-0.0000000,	2.7788841,	167.7503759,	13.4416081,	
  -125.2659683,	146771.9317539,	-0.0000000,	-31539.3967257,	-100.4410136,	-53.1681644,	-35.6917061,	19838.6004986,	0.0000000,	-167.1010850,	-2.7833677,	-5.3774121,	
  -0.0000000,	0.0000000,	84687.5897455,	-0.0000000,	-0.0000000,	-0.0000000,	-0.0000000,	0.0000000,	6096.5277576,	-0.0000000,	-0.0000000,	-0.0000000,	
  100.3538121,	-31539.3967257,	0.0000000,	25242.4099498,	118.2444636,	285.9191944,	32.6477688,	-8589.9641087,	0.0000000,	142.9504399,	5.6797500,	53.8242382,	
  31595.4930921,	-100.4410136,	0.0000000,	118.2444636,	25352.0907438,	714.8382454,	8613.5504610,	-32.6605482,	-0.0000000,	5.6784303,	150.0110962,	134.5547580,	
  132.9938171,	-53.1681644,	-0.0000000,	285.9191944,	714.8382454,	12053.8484917,	88.6763355,	-35.4629482,	-0.0000000,	31.5195921,	78.7983507,	1283.5096955,	
  19861.6786553,	-35.6917061,	0.0000000,	32.6477688,	8613.5504610,	88.6763355,	4191.8102253,	-10.7269943,	-0.0000000,	1.0351515,	47.5584678,	12.2423859,	
  -35.6775832,	19838.6004986,	-0.0000000,	-8589.9641087,	-32.6605482,	-35.4629482,	-10.7269943,	4184.1656455,	0.0000000,	-46.9137705,	-1.0360224,	-4.8972773,	
  -0.0000000,	0.0000000,	6096.5277576,	-0.0000000,	-0.0000000,	-0.0000000,	-0.0000000,	0.0000000,	975.6191634,	-0.0000000,	-0.0000000,	-0.0000000,	
  2.7788841,	-167.1010850,	0.0000000,	142.9504399,	5.6784303,	31.5195921,	1.0351515,	-46.9137705,	-0.0000000,	8.7834304,	0.6595003,	9.2303154,	
  167.7503759,	-2.7833677,	-0.0000000,	5.6797500,	150.0110962,	78.7983507,	47.5584678,	-1.0360224,	-0.0000000,	0.6595003,	9.9804525,	23.0749270,	
  13.4416081,	-5.3774121,	-0.0000000,	53.8242382,	134.5547580,	1283.5096955,	12.2423859,	-4.8972773,	-0.0000000,	9.2303154,	23.0749270,	380.0902381	
};

tinytype Quu_inv_unconstrained_data[NINPUTS*NINPUTS] = {
  0.0043625,	-0.0003405,	0.0036568,	-0.0003409,	
  -0.0003405,	0.0043075,	-0.0003361,	0.0037070,	
  0.0036568,	-0.0003361,	0.0043456,	-0.0003284,	
  -0.0003409,	0.0037070,	-0.0003284,	0.0043002	
};

tinytype AmBKt_unconstrained_data[NSTATES*NSTATES] = {
  0.9998927,	-0.0000009,	-0.0000000,	0.0012853,	-0.1471991,	0.0089988,	-0.0214541,	-0.0001873,	-0.0000000,	0.2570687,	-29.4398290,	1.7997554,	
  -0.0000009,	0.9998927,	0.0000000,	0.1472945,	-0.0012832,	-0.0035358,	-0.0001870,	-0.0214680,	0.0000000,	29.4588942,	-0.2566445,	-0.7071524,	
  -0.0000000,	-0.0000000,	0.9855906,	0.0000000,	-0.0000000,	-0.0000000,	-0.0000000,	0.0000000,	-1.4409360,	0.0000000,	-0.0000000,	-0.0000000,	
  0.0000007,	-0.0042725,	-0.0000000,	0.8628506,	0.0009597,	0.0032481,	0.0001399,	-0.4172564,	-0.0000000,	-27.4298703,	0.1919430,	0.6496190,	
  0.0042725,	-0.0000007,	0.0000000,	0.0009627,	0.8627909,	0.0082474,	0.4172477,	-0.0001403,	-0.0000000,	0.1925489,	-27.4418204,	1.6494789,	
  0.0000000,	-0.0000000,	-0.0000000,	0.0000245,	0.0000623,	0.9984886,	0.0000091,	-0.0000036,	-0.0000000,	0.0048987,	0.0124667,	-0.3022739,	
  0.0199685,	-0.0000002,	-0.0000000,	0.0003406,	-0.0432107,	0.0026326,	0.9937021,	-0.0000496,	-0.0000000,	0.0681199,	-8.6421311,	0.5265232,	
  -0.0000002,	0.0199685,	0.0000000,	0.0432154,	-0.0003398,	-0.0010357,	-0.0000495,	0.9937014,	0.0000000,	8.6430788,	-0.0679596,	-0.2071335,	
  -0.0000000,	0.0000000,	0.0175606,	0.0000000,	-0.0000000,	-0.0000000,	-0.0000000,	0.0000000,	0.7560632,	-0.0000000,	-0.0000000,	-0.0000000,	
  0.0000000,	-0.0000107,	-0.0000000,	0.0046870,	0.0000308,	0.0001176,	0.0000045,	-0.0014119,	-0.0000000,	-0.0625911,	0.0061604,	0.0235112,	
  0.0000107,	-0.0000000,	-0.0000000,	0.0000309,	0.0046824,	0.0002981,	0.0014112,	-0.0000045,	-0.0000000,	0.0061851,	-0.0635154,	0.0596270,	
  -0.0000000,	0.0000000,	-0.0000000,	-0.0000004,	-0.0000009,	0.0095516,	-0.0000001,	0.0000001,	-0.0000000,	-0.0000734,	-0.0001893,	0.9103123	
};

tinytype coeff_d2p_unconstrained_data[NSTATES*NINPUTS] = {
  0.0000000,	-0.0000000,	0.0000000,	-0.0000000,	
  -0.0000000,	0.0000000,	-0.0000000,	0.0000000,	
  -0.0000000,	0.0000000,	0.0000000,	-0.0000000,	
  0.0000000,	-0.0000000,	0.0000000,	-0.0000000,	
  0.0000000,	-0.0000000,	0.0000000,	-0.0000000,	
  0.0000000,	-0.0000000,	0.0000000,	-0.0000000,	
  0.0000000,	-0.0000000,	0.0000000,	-0.0000000,	
  -0.0000000,	0.0000000,	-0.0000000,	0.0000000,	
  -0.0000000,	-0.0000000,	0.0000000,	0.0000000,	
  0.0000000,	-0.0000000,	0.0000000,	-0.0000000,	
  0.0000000,	-0.0000000,	0.0000000,	-0.0000000,	
  0.0000000,	-0.0000000,	0.0000000,	-0.0000000	
};

tinytype Q_unconstrained_data[NSTATES]= {100.0000000,	100.0000000,	10000.0000000,	4.0000000,	4.0000000,	400.0000000,	4.0000000,	4.0000000,	4.0000000,	2.0408163,	2.0408163,	4.0000000};

tinytype Qf_unconstrained_data[NSTATES]= {100.0000000,	100.0000000,	10000.0000000,	4.0000000,	4.0000000,	400.0000000,	4.0000000,	4.0000000,	4.0000000,	2.0408163,	2.0408163,	4.0000000};

tinytype R_unconstrained_data[NINPUTS]= {100.0000000,	100.0000000,	100.0000000,	100.0000000};

