#pragma once

#include <tinympc/types.hpp>

tinytype rho_value = 5.0;
// tinytype rho_value = 7.0;

tinytype Adyn_data[NSTATES*NSTATES] = {
  1.0000000,	0.0000000,	0.0000000,	0.0000000,	0.0043725,	-0.0000000,	0.0200000,	0.0000000,	0.0000000,	0.0000000,	0.0000146,	-0.0000000,	
  0.0000000,	1.0000000,	0.0000000,	-0.0043725,	0.0000000,	-0.0000000,	0.0000000,	0.0200000,	0.0000000,	-0.0000146,	0.0000000,	-0.0000000,	
  0.0000000,	0.0000000,	1.0000000,	0.0000000,	0.0000000,	0.0000000,	0.0000000,	0.0000000,	0.0200000,	0.0000000,	0.0000000,	0.0000000,	
  0.0000000,	0.0000000,	0.0000000,	1.0000000,	0.0000000,	0.0000000,	0.0000000,	0.0000000,	0.0000000,	0.0100000,	-0.0000000,	0.0000000,	
  0.0000000,	0.0000000,	0.0000000,	-0.0000000,	1.0000000,	-0.0000000,	0.0000000,	0.0000000,	0.0000000,	0.0000000,	0.0100000,	-0.0000000,	
  0.0000000,	0.0000000,	0.0000000,	-0.0000000,	0.0000000,	1.0000000,	0.0000000,	0.0000000,	0.0000000,	-0.0000000,	0.0000000,	0.0100000,	
  0.0000000,	0.0000000,	0.0000000,	0.0000000,	0.4372457,	-0.0000000,	1.0000000,	0.0000000,	0.0000000,	0.0000000,	0.0021862,	-0.0000000,	
  0.0000000,	0.0000000,	0.0000000,	-0.4372457,	0.0000000,	-0.0000000,	0.0000000,	1.0000000,	0.0000000,	-0.0021862,	0.0000000,	-0.0000000,	
  0.0000000,	0.0000000,	0.0000000,	0.0000000,	0.0000000,	0.0000000,	0.0000000,	0.0000000,	1.0000000,	0.0000000,	0.0000000,	0.0000000,	
  0.0000000,	0.0000000,	0.0000000,	0.0000000,	0.0000000,	0.0000000,	0.0000000,	0.0000000,	0.0000000,	1.0000000,	-0.0000000,	0.0000000,	
  0.0000000,	0.0000000,	0.0000000,	0.0000000,	0.0000000,	0.0000000,	0.0000000,	0.0000000,	0.0000000,	0.0000000,	1.0000000,	-0.0000000,	
  0.0000000,	0.0000000,	0.0000000,	0.0000000,	0.0000000,	0.0000000,	0.0000000,	0.0000000,	0.0000000,	-0.0000000,	0.0000000,	1.0000000	
};

tinytype Bdyn_data[NSTATES*NINPUTS] = {
  -0.0000202,	0.0000222,	0.0000202,	-0.0000222,	
  0.0000201,	0.0000221,	-0.0000201,	-0.0000221,	
  0.0008409,	0.0008409,	0.0008409,	0.0008409,	
  -0.0275355,	-0.0303234,	0.0275663,	0.0302926,	
  -0.0276707,	0.0304278,	0.0277570,	-0.0305141,	
  0.0019748,	-0.0007224,	-0.0027844,	0.0015320,	
  -0.0040330,	0.0044348,	0.0040455,	-0.0044474,	
  0.0040133,	0.0044196,	-0.0040177,	-0.0044151,	
  0.0840857,	0.0840857,	0.0840857,	0.0840857,	
  -5.5070921,	-6.0646807,	5.5132527,	6.0585201,	
  -5.5341404,	6.0855684,	5.5513900,	-6.1028180,	
  0.3949542,	-0.1444728,	-0.5568752,	0.3063938	
};

tinytype Kinf_data[NINPUTS*NSTATES] = {
  -0.1519900,	0.1488539,	0.4766503,	-0.6552900,	-0.7092664,	-0.9338687,	-0.1075533,	0.1035028,	0.2759713,	-0.0514082,	-0.0615821,	-0.2792533,	
  0.1411251,	0.1326029,	0.4766503,	-0.5319539,	0.6619862,	0.9361800,	0.0999958,	0.0897830,	0.2759713,	-0.0341069,	0.0580921,	0.2791595,	
  0.1385534,	-0.1434962,	0.4766503,	0.5792991,	0.5191141,	-0.9412753,	0.0921580,	-0.0973562,	0.2759713,	0.0375994,	0.0270482,	-0.2788760,	
  -0.1276885,	-0.1379606,	0.4766503,	0.6079448,	-0.4718339,	0.9389639,	-0.0846006,	-0.0959295,	0.2759713,	0.0479157,	-0.0235582,	0.2789698	
};

tinytype Pinf_data[NSTATES*NSTATES] = {
  3607.2688995,	-1.8609898,	0.0000000,	7.8068780,	2980.0822922,	66.5350867,	978.3120826,	-1.3032802,	0.0000000,	0.4800407,	17.2906966,	9.3918517,	
  -1.8609898,	3605.3344066,	-0.0000000,	-2971.6327544,	-7.8108458,	-26.5926603,	-1.3035572,	976.9107505,	0.0000000,	-16.8123733,	-0.4804492,	-3.7553138,	
  0.0000000,	0.0000000,	3039.6479836,	0.0000000,	-0.0000000,	-0.0000000,	-0.0000000,	-0.0000000,	624.5520790,	-0.0000000,	-0.0000000,	-0.0000000,	
  7.8068780,	-2971.6327544,	-0.0000000,	11595.1818127,	47.0523750,	257.1238848,	6.2231918,	-1976.6699446,	-0.0000000,	68.5515616,	4.2523173,	51.4499105,	
  2980.0822922,	-7.8108458,	0.0000000,	47.0523750,	11661.0745193,	643.0090708,	1984.3034869,	-6.2247616,	0.0000000,	4.2517388,	75.2317556,	128.6359298,	
  66.5350867,	-26.5926603,	-0.0000000,	257.1238848,	643.0090708,	12052.5339092,	65.2120115,	-26.0706934,	-0.0000000,	31.3488782,	78.3841333,	1283.3592643,	
  978.3120826,	-1.3035572,	0.0000000,	6.2231918,	1984.3034869,	65.2120115,	530.8171377,	-0.9573059,	0.0000000,	0.4338669,	11.9155583,	10.5772551,	
  -1.3032802,	976.9107505,	-0.0000000,	-1976.6699446,	-6.2247616,	-26.0706934,	-0.9573059,	529.7147900,	0.0000000,	-11.3692543,	-0.4340689,	-4.2299943,	
  -0.0000000,	0.0000000,	624.5520790,	0.0000000,	-0.0000000,	-0.0000000,	-0.0000000,	0.0000000,	359.8579970,	-0.0000000,	-0.0000000,	-0.0000000,	
  0.4800407,	-16.8123733,	-0.0000000,	68.5515616,	4.2517388,	31.3488782,	0.4338669,	-11.3692543,	-0.0000000,	8.3771735,	0.6459191,	9.2159546,	
  17.2906966,	-0.4804492,	-0.0000000,	4.2523173,	75.2317556,	78.3841333,	11.9155583,	-0.4340689,	-0.0000000,	0.6459191,	9.5711723,	23.0401063,	
  9.3918517,	-3.7553138,	-0.0000000,	51.4499105,	128.6359298,	1283.3592643,	10.5772551,	-4.2299943,	-0.0000000,	9.2159546,	23.0401063,	380.0715131	
};

tinytype Quu_inv_data[NINPUTS*NINPUTS] = {
  0.0047482,	-0.0000112,	0.0039302,	-0.0000121,	
  -0.0000112,	0.0046849,	-0.0000070,	0.0039884,	
  0.0039302,	-0.0000070,	0.0047304,	0.0000015,	
  -0.0000121,	0.0039884,	0.0000015,	0.0046772	
};

tinytype AmBKt_data[NSTATES*NSTATES] = {
  0.9999882,	-0.0000001,	0.0000000,	0.0001429,	-0.0162419,	0.0009835,	-0.0023672,	-0.0000208,	0.0000000,	0.0285792,	-3.2483834,	0.1966977,	
  -0.0000001,	0.9999882,	-0.0000000,	0.0162546,	-0.0001427,	-0.0003864,	-0.0000208,	-0.0023691,	-0.0000000,	3.2509148,	-0.0285305,	-0.0772722,	
  0.0000000,	-0.0000000,	0.9983968,	0.0000000,	0.0000000,	-0.0000000,	0.0000000,	0.0000000,	-0.1603179,	-0.0000000,	0.0000000,	-0.0000000,	
  0.0000004,	-0.0043225,	0.0000000,	0.9314403,	0.0005252,	0.0015914,	0.0000765,	-0.4272532,	0.0000000,	-13.7119413,	0.1050362,	0.3182835,	
  0.0043225,	-0.0000004,	0.0000000,	0.0005267,	0.9314247,	0.0040471,	0.4272509,	-0.0000768,	0.0000000,	0.1053477,	-13.7150634,	0.8094155,	
  0.0000003,	-0.0000001,	-0.0000000,	0.0001774,	0.0004518,	0.9984611,	0.0000659,	-0.0000259,	-0.0000000,	0.0354892,	0.0903642,	-0.3077777,	
  0.0199919,	-0.0000001,	0.0000000,	0.0000930,	-0.0111583,	0.0006708,	0.9983737,	-0.0000136,	0.0000000,	0.0186010,	-2.2316535,	0.1341669,	
  -0.0000001,	0.0199919,	0.0000000,	0.0111622,	-0.0000928,	-0.0002637,	-0.0000135,	0.9983731,	0.0000000,	2.2324452,	-0.0185599,	-0.0527307,	
  0.0000000,	0.0000000,	0.0190718,	-0.0000000,	0.0000000,	-0.0000000,	0.0000000,	0.0000000,	0.9071790,	-0.0000000,	0.0000000,	-0.0000000,	
  0.0000000,	-0.0000110,	-0.0000000,	0.0050623,	0.0000338,	0.0001082,	0.0000049,	-0.0014666,	-0.0000000,	0.0124503,	0.0067514,	0.0216335,	
  0.0000110,	-0.0000000,	0.0000000,	0.0000339,	0.0050587,	0.0002750,	0.0014660,	-0.0000049,	0.0000000,	0.0067764,	0.0117461,	0.0549954,	
  0.0000000,	-0.0000000,	0.0000000,	0.0000125,	0.0000319,	0.0095492,	0.0000046,	-0.0000018,	0.0000000,	0.0025091,	0.0063801,	0.9098495	
};

tinytype coeff_d2p_data[NSTATES*NINPUTS] = {
  0.0000000,	-0.0000000,	-0.0000000,	0.0000000,	
  -0.0000000,	-0.0000000,	0.0000000,	0.0000000,	
  -0.0000000,	-0.0000000,	-0.0000000,	-0.0000000,	
  0.0000000,	0.0000000,	-0.0000000,	-0.0000000,	
  0.0000000,	-0.0000000,	-0.0000000,	0.0000000,	
  0.0000000,	-0.0000000,	0.0000000,	-0.0000000,	
  0.0000000,	-0.0000000,	-0.0000000,	0.0000000,	
  -0.0000000,	-0.0000000,	0.0000000,	0.0000000,	
  -0.0000000,	-0.0000000,	-0.0000000,	-0.0000000,	
  0.0000000,	0.0000000,	-0.0000000,	-0.0000000,	
  0.0000000,	-0.0000000,	0.0000000,	-0.0000000,	
  0.0000000,	-0.0000000,	0.0000000,	-0.0000000	
};

tinytype Q_data[NSTATES]= {100.0000000,	100.0000000,	100.0000000,	4.0000000,	4.0000000,	400.0000000,	4.0000000,	4.0000000,	4.0000000,	2.0408163,	2.0408163,	4.0000000};

tinytype Qf_data[NSTATES]= {100.0000000,	100.0000000,	100.0000000,	4.0000000,	4.0000000,	400.0000000,	4.0000000,	4.0000000,	4.0000000,	2.0408163,	2.0408163,	4.0000000};

tinytype R_data[NINPUTS]= {100.0000000,	100.0000000,	100.0000000,	100.0000000};

