#pragma once

#include <tinympc/types.hpp>

tinytype rho_constrained_value = 63.0;

tinytype Adyn_constrained_data[NSTATES*NSTATES] = {
  1.0000000,	0.0000000,	0.0000000,	0.0000000,	0.0043725,	-0.0000000,	0.0200000,	0.0000000,	0.0000000,	0.0000000,	0.0000146,	-0.0000000,	
  0.0000000,	1.0000000,	0.0000000,	-0.0043725,	0.0000000,	-0.0000000,	0.0000000,	0.0200000,	0.0000000,	-0.0000146,	0.0000000,	-0.0000000,	
  0.0000000,	0.0000000,	1.0000000,	0.0000000,	0.0000000,	0.0000000,	0.0000000,	0.0000000,	0.0200000,	0.0000000,	0.0000000,	0.0000000,	
  0.0000000,	0.0000000,	0.0000000,	1.0000000,	0.0000000,	0.0000000,	0.0000000,	0.0000000,	0.0000000,	0.0100000,	-0.0000000,	0.0000000,	
  0.0000000,	0.0000000,	0.0000000,	-0.0000000,	1.0000000,	-0.0000000,	0.0000000,	0.0000000,	0.0000000,	0.0000000,	0.0100000,	-0.0000000,	
  0.0000000,	0.0000000,	0.0000000,	-0.0000000,	0.0000000,	1.0000000,	0.0000000,	0.0000000,	0.0000000,	-0.0000000,	0.0000000,	0.0100000,	
  0.0000000,	0.0000000,	0.0000000,	0.0000000,	0.4372457,	-0.0000000,	1.0000000,	0.0000000,	0.0000000,	0.0000000,	0.0021862,	-0.0000000,	
  0.0000000,	0.0000000,	0.0000000,	-0.4372457,	0.0000000,	-0.0000000,	0.0000000,	1.0000000,	0.0000000,	-0.0021862,	0.0000000,	-0.0000000,	
  0.0000000,	0.0000000,	0.0000000,	0.0000000,	0.0000000,	0.0000000,	0.0000000,	0.0000000,	1.0000000,	0.0000000,	0.0000000,	0.0000000,	
  0.0000000,	0.0000000,	0.0000000,	0.0000000,	0.0000000,	0.0000000,	0.0000000,	0.0000000,	0.0000000,	1.0000000,	-0.0000000,	0.0000000,	
  0.0000000,	0.0000000,	0.0000000,	0.0000000,	0.0000000,	0.0000000,	0.0000000,	0.0000000,	0.0000000,	0.0000000,	1.0000000,	-0.0000000,	
  0.0000000,	0.0000000,	0.0000000,	0.0000000,	0.0000000,	0.0000000,	0.0000000,	0.0000000,	0.0000000,	-0.0000000,	0.0000000,	1.0000000	
};

tinytype Bdyn_constrained_data[NSTATES*NINPUTS] = {
  -0.0000202,	0.0000222,	0.0000202,	-0.0000222,	
  0.0000201,	0.0000221,	-0.0000201,	-0.0000221,	
  0.0008409,	0.0008409,	0.0008409,	0.0008409,	
  -0.0275355,	-0.0303234,	0.0275663,	0.0302926,	
  -0.0276707,	0.0304278,	0.0277570,	-0.0305141,	
  0.0019748,	-0.0007224,	-0.0027844,	0.0015320,	
  -0.0040330,	0.0044348,	0.0040455,	-0.0044474,	
  0.0040133,	0.0044196,	-0.0040177,	-0.0044151,	
  0.0840857,	0.0840857,	0.0840857,	0.0840857,	
  -5.5070921,	-6.0646807,	5.5132527,	6.0585201,	
  -5.5341404,	6.0855684,	5.5513900,	-6.1028180,	
  0.3949542,	-0.1444728,	-0.5568752,	0.3063938	
};

tinytype Kinf_constrained_data[NINPUTS*NSTATES] = {
  -0.0780064,	0.0710818,	3.4605149,	-0.6037591,	-0.6982459,	-0.7886789,	-0.0861683,	0.0773323,	0.7009118,	-0.0565685,	-0.0703754,	-0.3731584,	
  0.0723156,	0.0555767,	3.4605149,	-0.4267591,	0.6515523,	0.7899864,	0.0800348,	0.0588097,	0.7009118,	-0.0336906,	0.0662553,	0.3735438,	
  0.0534711,	-0.0612786,	3.4605149,	0.4735234,	0.3724414,	-0.7927414,	0.0551943,	-0.0649544,	0.7009118,	0.0378158,	0.0234758,	-0.3743175,	
  -0.0477804,	-0.0653798,	3.4605149,	0.5569948,	-0.3257478,	0.7914340,	-0.0490608,	-0.0711876,	0.7009118,	0.0524433,	-0.0193557,	0.3739320	
};

tinytype Pinf_constrained_data[NSTATES*NSTATES] = {
  8762.2549112,	-1.2292921,	0.0000000,	10.3390152,	10976.6936409,	67.2516432,	2947.7274454,	-1.3482415,	0.0000000,	0.8315367,	56.0771899,	25.4174206,	
  -1.2292921,	8760.2756505,	-0.0000000,	-10959.7142162,	-10.3397847,	-26.8917588,	-1.3482768,	2945.5374638,	-0.0000000,	-54.7217726,	-0.8316321,	-10.1636846,	
  0.0000000,	-0.0000000,	101910.7869841,	0.0000000,	0.0000000,	0.0000000,	0.0000000,	-0.0000000,	7626.6796724,	0.0000000,	0.0000000,	0.0000000,	
  10.3390152,	-10959.7142162,	-0.0000000,	84056.9389347,	103.6821465,	336.6640338,	11.9793829,	-11557.1466535,	0.0000000,	429.4106790,	10.0136903,	134.4782748,	
  10976.6936409,	-10.3397847,	0.0000000,	103.6821465,	84236.7921148,	841.8205368,	11577.2354569,	-11.9799244,	0.0000000,	10.0134412,	447.2576782,	336.2541465,	
  67.2516432,	-26.8917588,	0.0000000,	336.6640338,	841.8205368,	21880.7710301,	83.6924751,	-33.4677482,	0.0000000,	41.0532116,	102.6450143,	1711.0393760,	
  2947.7274454,	-1.3482768,	0.0000000,	11.9793829,	11577.2354569,	83.6924751,	2671.3529754,	-1.5046383,	0.0000000,	1.0130318,	59.8444899,	32.0448554,	
  -1.3482415,	2945.5374638,	-0.0000000,	-11557.1466535,	-11.9799244,	-33.4677482,	-1.5046383,	2668.8774402,	-0.0000000,	-58.1372979,	-1.0131104,	-12.8145393,	
  0.0000000,	-0.0000000,	7626.6796724,	0.0000000,	0.0000000,	0.0000000,	0.0000000,	-0.0000000,	1501.9831337,	0.0000000,	-0.0000000,	0.0000000,	
  0.8315367,	-54.7217726,	0.0000000,	429.4106790,	10.0134412,	41.0532116,	1.0130318,	-58.1372979,	-0.0000000,	68.8916271,	1.3398741,	19.2868471,	
  56.0771899,	-0.8316321,	0.0000000,	10.0136903,	447.2576782,	102.6450143,	59.8444899,	-1.0131104,	0.0000000,	1.3398741,	71.4270353,	48.2211827,	
  25.4174206,	-10.1636846,	0.0000000,	134.4782748,	336.2541465,	1711.0393760,	32.0448554,	-12.8145393,	0.0000000,	19.2868471,	48.2211827,	833.6811472	
};

tinytype Quu_inv_constrained_data[NINPUTS*NINPUTS] = {
  0.0026018,	-0.0001660,	0.0024881,	-0.0001638,	
  -0.0001660,	0.0025890,	-0.0001598,	0.0024969,	
  0.0024881,	-0.0001598,	0.0025879,	-0.0001562,	
  -0.0001638,	0.0024969,	-0.0001562,	0.0025831	
};

tinytype AmBKt_constrained_data[NSTATES*NSTATES] = {
  0.9999947,	-0.0000000,	0.0000000,	0.0000183,	-0.0073011,	0.0004284,	-0.0010641,	-0.0000027,	0.0000000,	0.0036618,	-1.4602137,	0.0856729,	
  -0.0000000,	0.9999947,	0.0000000,	0.0073123,	-0.0000183,	-0.0001707,	-0.0000027,	-0.0010658,	0.0000000,	1.4624578,	-0.0036589,	-0.0341373,	
  0.0000000,	0.0000000,	0.9883608,	0.0000000,	0.0000000,	0.0000000,	0.0000000,	0.0000000,	-1.1639194,	-0.0000000,	0.0000000,	0.0000000,	
  0.0000001,	-0.0043291,	0.0000000,	0.9405083,	0.0001315,	0.0013492,	0.0000192,	-0.4285749,	0.0000000,	-11.8983334,	0.0263086,	0.2698359,	
  0.0043292,	-0.0000001,	0.0000000,	0.0001317,	0.9405760,	0.0033856,	0.4285847,	-0.0000192,	0.0000000,	0.0263386,	-11.8848040,	0.6771172,	
  0.0000002,	-0.0000001,	0.0000000,	0.0001168,	0.0002931,	0.9987084,	0.0000427,	-0.0000170,	0.0000000,	0.0233523,	0.0586188,	-0.2583249,	
  0.0199943,	-0.0000000,	-0.0000000,	0.0000189,	-0.0078487,	0.0004568,	0.9988561,	-0.0000028,	-0.0000000,	0.0037842,	-1.5697389,	0.0913637,	
  -0.0000000,	0.0199943,	0.0000000,	0.0078597,	-0.0000189,	-0.0001820,	-0.0000028,	0.9988545,	0.0000000,	1.5719396,	-0.0037807,	-0.0364063,	
  0.0000000,	0.0000000,	0.0176425,	-0.0000000,	0.0000000,	0.0000000,	0.0000000,	0.0000000,	0.7642533,	-0.0000000,	0.0000000,	0.0000000,	
  0.0000000,	-0.0000108,	0.0000000,	0.0047897,	0.0000105,	0.0001123,	0.0000015,	-0.0014268,	0.0000000,	-0.0420670,	0.0020904,	0.0224649,	
  0.0000108,	-0.0000000,	0.0000000,	0.0000105,	0.0047944,	0.0002819,	0.0014275,	-0.0000015,	0.0000000,	0.0020931,	-0.0411164,	0.0563707,	
  0.0000001,	-0.0000000,	0.0000000,	0.0000432,	0.0001084,	0.0093916,	0.0000158,	-0.0000063,	0.0000000,	0.0086384,	0.0216838,	0.8783288	
};

tinytype coeff_d2p_constrained_data[NSTATES*NINPUTS] = {
  0.0000000,	-0.0000000,	-0.0000000,	0.0000000,	
  -0.0000000,	-0.0000000,	0.0000000,	0.0000000,	
  0.0000000,	-0.0000000,	-0.0000000,	0.0000000,	
  0.0000000,	0.0000000,	-0.0000000,	-0.0000000,	
  0.0000000,	-0.0000000,	-0.0000000,	0.0000000,	
  0.0000000,	-0.0000000,	0.0000000,	-0.0000000,	
  0.0000000,	-0.0000000,	-0.0000000,	0.0000000,	
  -0.0000000,	-0.0000000,	0.0000000,	0.0000000,	
  0.0000000,	-0.0000000,	-0.0000000,	0.0000000,	
  0.0000000,	0.0000000,	-0.0000000,	-0.0000000,	
  0.0000000,	-0.0000000,	0.0000000,	0.0000000,	
  0.0000000,	-0.0000000,	0.0000000,	-0.0000000	
};

tinytype Q_constrained_data[NSTATES]= {100.0000000,	100.0000000,	10000.0000000,	4.0000000,	4.0000000,	400.0000000,	4.0000000,	4.0000000,	4.0000000,	2.0408163,	2.0408163,	4.0000000};

tinytype Qf_constrained_data[NSTATES]= {100.0000000,	100.0000000,	10000.0000000,	4.0000000,	4.0000000,	400.0000000,	4.0000000,	4.0000000,	4.0000000,	2.0408163,	2.0408163,	4.0000000};

tinytype R_constrained_data[NINPUTS]= {100.0000000,	100.0000000,	100.0000000,	100.0000000};

